exer4
   approxIntegral=1.7184

format long
exer4
   x=  
   -0.025641025641026
   0

   0.025641025641026

   0.051282051282051

   0.076923076923077

   0.102564102564103

   0.128205128205128

   0.153846153846154

   0.179487179487179

   0.205128205128205

   0.230769230769231

   0.256410256410256

   0.282051282051282

   0.307692307692308

   0.333333333333333

   0.358974358974359

   0.384615384615385

   0.410256410256410

   0.435897435897436

   0.461538461538462

   0.487179487179487

   0.512820512820513

   0.538461538461539

   0.564102564102564

   0.589743589743590

   0.615384615384616

   0.641025641025641

   0.666666666666667

   0.692307692307693

   0.717948717948718

   0.743589743589744

   0.769230769230770

   0.794871794871795

   0.820512820512821

   0.846153846153847

   0.871794871794872

   0.897435897435898

   0.923076923076924

   0.948717948717949

   0.974358974358975

   1.000000000000000

